% replot heat map using manually defined colormap
% open the .fig file first

% fig = gcf; 
% children = get(fig, 'Children');
% origdata=children.ColorData;

origdata(:,1:15)=[12    15     9    16     8     6     4     0     0     0     2    16     2     9    12
    12     3     8    18     6     2     8     0     0     0    17    13    17    17     1
     8     7    11    15     0    17     6     0     0     0     6    10     0     0     0
    13    17     5     0     0    12     0     0     0     0     1     8    16     6    11
    15     8     0     0     0    12     5     0     0     0     1     2     0     0     0
     8     2    17     7    11     5     6     0     0     0    10     0     0     0     0
    12     3     4    12    14    11    15     0     0     0    19    12    17     0     0
    12    14    13     0     0    15    15     0     0     0    12     8    11     9     7
    12    16    12     9    10    15    16     0     0     0    14    11    12     8    12
    12    18    10    10     0     4    10     0     0     0     7    12    11     0     0
     0     0     0     0     0    12     0     0     0     0     1    12    14     0     0
     8    10     9     0     0     5    17     0     0     0    19     4     0     0     0
    12    17    19     1    18    12    13     0     0     0     1     3    15     0     0
    12    15     9    17     0    19     9     0     0     0     2    16     9    16     3
    12     4     7     2     0    17    19     0     0     0    14     3     0     0     0
     8    11     0     0     0     2    10     0     0     0    13    15     0     0     0
    11    10    11     0     0    18     9     0     0     0     1     1    13     2     6
    13     5     9     0     0     9     5     0     0     0     1     8    17     0     0
    18    15     0     0     0    12     4     0     0     0    17     2     0     0     0
     8     8     8     7     0    19     0     0     0     0     9    12     0     0     0
    16     0     0     0     0    12    18     0     0     0     0     0     0     0     0
     6     3     8     0     0    18    16     0     0     0     1     4    10     0     0
    13     1    16     0     0    11    18     0     0     0     1     8     8     0     0
    12    15    14    15     9    13     0     0     0     0     9     6     0     0     0
    12     9     4     0     0     7    18     0     0     0    11     7    13     7     4
    12     4    11     0     0    11     4     0     0     0     1    18     0     0     0
    12    17    16     0     0    18     9     0     0     0     1     1    13     8     3
    12    16    12    12    16    18    13     0     0     0    14    16     9     0     0
    12    17     4    14     0     6    17     0     0     0    14    18     4    18     4
     8     8    17     2     9    19     7     0     0     0    18     0     0     0     0
    12    17    19    16     0     0     0     0     0     0    14     6     5    16     0
    12     3     9    19     0    11     3     0     0     0     7    17     0     0     0];

origdata(:,16:30)=[9     0     0     0     0    18     2     0     0     0    15     8     0     0     0
     4    16    17     2    10    11     3     4     2     0    16    18     0     0     0
     2    14    10     9     0    16     4    14     4     0    13    12     9     4     0
    10     0     0     0     0    15    14     0     0     0    10    19     2    11     0
     6     3    11     8     0    14     3     7     0     0    10     5    17     2     8
     2    12    12     0     0     5     9     5     8     0    13     2    14    16    17
     9    18     7     8     8    12     7    18    15    15     8    18    18    12     0
     9     3     5     1    12     0     0     0     0     0    11     8     6     8    10
     8     3    16     0     0    12     0     0     0     0    15    13    13    16     0
     0     0     0     0     0     1    12     1     0     0     4     0     0     0     0
     2    15    12     8     4     2     8    17     0     0    13    13     8     0     0
     2    15    14    15    10     2     9    12     9     0    13    13     0     0     0
     5     1     8     6     0    10     1     3     0     0    10    13     2     0     0
     9     4     0     0     0     0     0     0     0     0    15    15     2    11     8
    13     0     0     0     0     4     2    17    19     0    19     6     6     8     0
     2    12     9     6    10     3     3     0     0     0    13     9     4     9     0
     6    18    13     0     0     7     0     0     0     0     5    15    15     0     0
    10    19     0     0     0    12     6     7     0     0    10    19     3    11     8
     2    15    12     8    16     2     8    17    15     8    13    13     8    15     3
     2    15    14    18     5     2     9    17    18    14    13    13     0     0     0
     2    15     4     0     0     2    12     0     0     0    13    13     6     0     0
     1     0     0     0     0     0     0     0     0     0    10    19     2     0     0
    10     7    11    16     0     9     0     0     0     0    10    19    13     0     0
     4     5     0     0     0    13     6    17     0     0     5     5    12     0     0
     9     8    14    17    15     1    12     6     0     0     7    19    17     6     0
     9     9    10    11     0    11    14    18     3    13    17    13     0     0     0
     6    19    19     0     0     0     0     0     0     0     5     5     7    12     0
     8    11     4     3    11    12    14    18    15     0     9    11    19     0     0
    16     5    12     6     0     4    15     3    16     0     3    17     7     8    10
     2    15    14     3    18     2     9     9    10     8    13    13    10     0     0
     4    14    12     3     3     3     7    19     0     0    19     6    11    13     4
     9     9    10     8    11     8    11     6     9    10    13    17     9     0     0];

